# breadth, S_absorption, pressure, size_avg, k_absorption, surface, volume, size_std, potential, kinetic, energy, euler, temperature
8.8085e+00 1.2375e+00 -3.9997e-01 3.0000e+00 3.2260e+00 4.4829e+00 1.8563e-01 2.0000e+00 -1.1913e+01 2.9613e-01 -1.1617e+01 6.0000e+00 1.9742e-01
8.8085e+00 1.2375e+00 -4.1920e-01 3.0000e+00 3.2260e+00 4.4829e+00 1.8563e-01 2.0000e+00 -1.2030e+01 1.7362e-01 -1.1856e+01 6.0000e+00 1.1575e-01
8.8085e+00 1.2375e+00 -4.3594e-01 3.0000e+00 3.2260e+00 4.4829e+00 1.8563e-01 2.0000e+00 -1.2021e+01 7.1250e-02 -1.1949e+01 6.0000e+00 4.7500e-02
8.8085e+00 1.2375e+00 -4.1178e-01 3.0000e+00 3.2260e+00 4.4829e+00 1.8563e-01 2.0000e+00 -1.2055e+01 1.3747e-01 -1.1918e+01 6.0000e+00 9.1644e-02
8.8085e+00 1.2375e+00 -3.7671e-01 3.0000e+00 3.2260e+00 4.4829e+00 1.8563e-01 2.0000e+00 -1.2006e+01 1.6055e-01 -1.1846e+01 6.0000e+00 1.0703e-01
8.8085e+00 1.2375e+00 -3.6284e-01 3.0000e+00 3.2260e+00 4.4829e+00 1.8563e-01 2.0000e+00 -1.1938e+01 1.3720e-01 -1.1801e+01 6.0000e+00 9.1464e-02
8.8085e+00 1.2375e+00 -3.1817e-01 3.0000e+00 3.2260e+00 4.4829e+00 1.8563e-01 2.0000e+00 -1.1931e+01 1.9806e-01 -1.1733e+01 6.0000e+00 1.3204e-01
8.8085e+00 1.2375e+00 -4.2820e-01 3.0000e+00 3.2260e+00 4.4829e+00 1.8563e-01 2.0000e+00 -1.1990e+01 1.7697e-01 -1.1813e+01 6.0000e+00 1.1798e-01
8.8085e+00 1.2375e+00 -4.4573e-01 3.0000e+00 3.2260e+00 4.4829e+00 1.8563e-01 2.0000e+00 -1.2017e+01 1.2596e-01 -1.1892e+01 6.0000e+00 8.3972e-02
8.8085e+00 1.2375e+00 -4.1586e-01 3.0000e+00 3.2260e+00 4.4829e+00 1.8563e-01 2.0000e+00 -1.2042e+01 1.4234e-01 -1.1900e+01 6.0000e+00 9.4891e-02
8.8085e+00 1.2375e+00 -3.7270e-01 3.0000e+00 3.2260e+00 4.4829e+00 1.8563e-01 2.0000e+00 -1.1994e+01 9.2179e-02 -1.1902e+01 6.0000e+00 6.1453e-02
8.8085e+00 1.2375e+00 -3.8290e-01 3.0000e+00 3.2260e+00 4.4829e+00 1.8563e-01 2.0000e+00 -1.2018e+01 1.8065e-01 -1.1838e+01 6.0000e+00 1.2043e-01
8.8085e+00 1.2375e+00 -4.1523e-01 3.0000e+00 3.2260e+00 4.4829e+00 1.8563e-01 2.0000e+00 -1.2003e+01 1.5772e-01 -1.1845e+01 6.0000e+00 1.0515e-01
8.8085e+00 1.2375e+00 -4.3273e-01 3.0000e+00 3.2260e+00 4.4829e+00 1.8563e-01 2.0000e+00 -1.1966e+01 1.2111e-01 -1.1845e+01 6.0000e+00 8.0742e-02
8.8085e+00 1.2375e+00 -4.0425e-01 3.0000e+00 3.2260e+00 4.4829e+00 1.8563e-01 2.0000e+00 -1.2007e+01 2.1886e-01 -1.1788e+01 6.0000e+00 1.4590e-01
8.8085e+00 1.2375e+00 -3.6558e-01 3.0000e+00 3.2260e+00 4.4829e+00 1.8563e-01 2.0000e+00 -1.1968e+01 1.0754e-01 -1.1861e+01 6.0000e+00 7.1695e-02
8.8085e+00 1.2375e+00 -4.1961e-01 3.0000e+00 3.2260e+00 4.4829e+00 1.8563e-01 2.0000e+00 -1.2047e+01 1.0747e-01 -1.1940e+01 6.0000e+00 7.1645e-02
8.8085e+00 1.2375e+00 -4.3309e-01 3.0000e+00 3.2260e+00 4.4829e+00 1.8563e-01 2.0000e+00 -1.2079e+01 9.7350e-02 -1.1982e+01 6.0000e+00 6.4900e-02
8.8085e+00 1.2375e+00 -4.1773e-01 3.0000e+00 3.2260e+00 4.4829e+00 1.8563e-01 2.0000e+00 -1.2017e+01 4.6007e-02 -1.1971e+01 6.0000e+00 3.0671e-02
8.8085e+00 1.2375e+00 -4.2050e-01 3.0000e+00 3.2260e+00 4.4829e+00 1.8563e-01 2.0000e+00 -1.2044e+01 1.2741e-01 -1.1917e+01 6.0000e+00 8.4943e-02
8.8085e+00 1.2375e+00 -4.0331e-01 3.0000e+00 3.2260e+00 4.4829e+00 1.8563e-01 2.0000e+00 -1.2006e+01 1.2304e-01 -1.1883e+01 6.0000e+00 8.2029e-02
8.8085e+00 1.2375e+00 -4.1360e-01 3.0000e+00 3.2260e+00 4.4829e+00 1.8563e-01 2.0000e+00 -1.1973e+01 1.5477e-01 -1.1819e+01 6.0000e+00 1.0318e-01
8.8085e+00 1.2375e+00 -3.8550e-01 3.0000e+00 3.2260e+00 4.4829e+00 1.8563e-01 2.0000e+00 -1.1985e+01 2.3630e-01 -1.1749e+01 6.0000e+00 1.5753e-01
8.8085e+00 1.2375e+00 -4.1695e-01 3.0000e+00 3.2260e+00 4.4829e+00 1.8563e-01 2.0000e+00 -1.1959e+01 1.0824e-01 -1.1851e+01 6.0000e+00 7.2163e-02
8.8085e+00 1.2375e+00 -4.1282e-01 3.0000e+00 3.2260e+00 4.4829e+00 1.8563e-01 2.0000e+00 -1.2003e+01 1.3362e-01 -1.1869e+01 6.0000e+00 8.9080e-02
8.8085e+00 1.2375e+00 -4.1222e-01 3.0000e+00 3.2260e+00 4.4829e+00 1.8563e-01 2.0000e+00 -1.2022e+01 1.5099e-01 -1.1871e+01 6.0000e+00 1.0066e-01
8.8085e+00 1.2375e+00 -4.1497e-01 3.0000e+00 3.2260e+00 4.4829e+00 1.8563e-01 2.0000e+00 -1.2035e+01 1.1526e-01 -1.1919e+01 6.0000e+00 7.6839e-02
8.8085e+00 1.2375e+00 -3.9703e-01 3.0000e+00 3.2260e+00 4.4829e+00 1.8563e-01 2.0000e+00 -1.2039e+01 1.0768e-01 -1.1932e+01 6.0000e+00 7.1785e-02
8.8085e+00 1.2375e+00 -4.3803e-01 3.0000e+00 3.2260e+00 4.4829e+00 1.8563e-01 2.0000e+00 -1.2023e+01 1.5227e-01 -1.1871e+01 6.0000e+00 1.0152e-01
8.8085e+00 1.2375e+00 -4.0077e-01 3.0000e+00 3.2260e+00 4.4829e+00 1.8563e-01 2.0000e+00 -1.1922e+01 1.0586e-01 -1.1816e+01 6.0000e+00 7.0576e-02
8.8085e+00 1.2375e+00 -3.9340e-01 3.0000e+00 3.2260e+00 4.4829e+00 1.8563e-01 2.0000e+00 -1.2006e+01 2.6486e-01 -1.1741e+01 6.0000e+00 1.7657e-01
8.8085e+00 1.2375e+00 -3.2370e-01 3.0000e+00 3.2260e+00 4.4829e+00 1.8563e-01 2.0000e+00 -1.1951e+01 1.2289e-01 -1.1828e+01 6.0000e+00 8.1927e-02
8.8085e+00 1.2375e+00 -3.7305e-01 3.0000e+00 3.2260e+00 4.4829e+00 1.8563e-01 2.0000e+00 -1.2010e+01 1.7743e-01 -1.1833e+01 6.0000e+00 1.1829e-01
8.8085e+00 1.2375e+00 -4.2868e-01 3.0000e+00 3.2260e+00 4.4829e+00 1.8563e-01 2.0000e+00 -1.2032e+01 1.2400e-01 -1.1908e+01 6.0000e+00 8.2664e-02
8.8085e+00 1.2375e+00 -4.3288e-01 3.0000e+00 3.2260e+00 4.4829e+00 1.8563e-01 2.0000e+00 -1.2054e+01 6.3036e-02 -1.1991e+01 6.0000e+00 4.2024e-02
8.8085e+00 1.2375e+00 -4.2403e-01 3.0000e+00 3.2260e+00 4.4829e+00 1.8563e-01 2.0000e+00 -1.2064e+01 8.7973e-02 -1.1976e+01 6.0000e+00 5.8649e-02
8.8085e+00 1.2375e+00 -3.9977e-01 3.0000e+00 3.2260e+00 4.4829e+00 1.8563e-01 2.0000e+00 -1.2048e+01 1.0947e-01 -1.1938e+01 6.0000e+00 7.2983e-02
8.8085e+00 1.2375e+00 -4.1333e-01 3.0000e+00 3.2260e+00 4.4829e+00 1.8563e-01 2.0000e+00 -1.2010e+01 1.1738e-01 -1.1893e+01 6.0000e+00 7.8256e-02
8.8085e+00 1.2375e+00 -4.1326e-01 3.0000e+00 3.2260e+00 4.4829e+00 1.8563e-01 2.0000e+00 -1.1984e+01 1.6130e-01 -1.1823e+01 6.0000e+00 1.0753e-01
8.8085e+00 1.2375e+00 -3.9302e-01 3.0000e+00 3.2260e+00 4.4829e+00 1.8563e-01 2.0000e+00 -1.1961e+01 1.3420e-01 -1.1827e+01 6.0000e+00 8.9464e-02
8.8085e+00 1.2375e+00 -3.7718e-01 3.0000e+00 3.2260e+00 4.4829e+00 1.8563e-01 2.0000e+00 -1.2013e+01 1.7266e-01 -1.1841e+01 6.0000e+00 1.1511e-01
8.8085e+00 1.2375e+00 -3.8356e-01 3.0000e+00 3.2260e+00 4.4829e+00 1.8563e-01 2.0000e+00 -1.2027e+01 1.1439e-01 -1.1912e+01 6.0000e+00 7.6260e-02
8.8085e+00 1.2375e+00 -4.3021e-01 3.0000e+00 3.2260e+00 4.4829e+00 1.8563e-01 2.0000e+00 -1.2044e+01 1.1098e-01 -1.1933e+01 6.0000e+00 7.3985e-02
8.8085e+00 1.2375e+00 -4.1463e-01 3.0000e+00 3.2260e+00 4.4829e+00 1.8563e-01 2.0000e+00 -1.2010e+01 1.2151e-01 -1.1888e+01 6.0000e+00 8.1003e-02
8.8085e+00 1.2375e+00 -4.1486e-01 3.0000e+00 3.2260e+00 4.4829e+00 1.8563e-01 2.0000e+00 -1.1936e+01 1.7470e-01 -1.1761e+01 6.0000e+00 1.1646e-01
8.8085e+00 1.2375e+00 -3.8688e-01 3.0000e+00 3.2260e+00 4.4829e+00 1.8563e-01 2.0000e+00 -1.1933e+01 1.9951e-01 -1.1734e+01 6.0000e+00 1.3301e-01
8.8085e+00 1.2375e+00 -3.7588e-01 3.0000e+00 3.2260e+00 4.4829e+00 1.8563e-01 2.0000e+00 -1.1976e+01 2.0721e-01 -1.1769e+01 6.0000e+00 1.3814e-01
8.8085e+00 1.2375e+00 -4.3496e-01 3.0000e+00 3.2260e+00 4.4829e+00 1.8563e-01 2.0000e+00 -1.1980e+01 1.3009e-01 -1.1850e+01 6.0000e+00 8.6724e-02
8.8085e+00 1.2375e+00 -4.4527e-01 3.0000e+00 3.2260e+00 4.4829e+00 1.8563e-01 2.0000e+00 -1.2048e+01 7.0240e-02 -1.1978e+01 6.0000e+00 4.6827e-02
8.8085e+00 1.2375e+00 -4.4335e-01 3.0000e+00 3.2260e+00 4.4829e+00 1.8563e-01 2.0000e+00 -1.2058e+01 7.0934e-02 -1.1987e+01 6.0000e+00 4.7289e-02
